Sample	total_reads	avg_input_read_length	uniquely_mapped	uniquely_mapped_percent	avg_mapped_read_length	num_splices	num_annotated_splices	num_GTAG_splices	num_GCAG_splices	num_ATAC_splices	num_noncanonical_splices	mismatch_rate	deletion_rate	deletion_length	insertion_rate	insertion_length	multimapped	multimapped_percent	multimapped_toomany	multimapped_toomany_percent	unmapped_mismatches_percent	unmapped_tooshort_percent	unmapped_other_percent	unmapped_mismatches	unmapped_tooshort	unmapped_other
POR_R0_C1	22794527.0	276.0	186118.0	0.82	223.37	3666.0	0.0	751.0	25.0	0.0	2890.0	3.04	0.02	1.03	0.0	1.91	952641.0	4.18	2050.0	0.01	0.0	95.0	0.0	0	21653718	0
POR_R0_C2	18534989.0	275.0	163746.0	0.88	213.62	4034.0	0.0	1133.0	9.0	0.0	2892.0	3.39	0.01	1.05	0.01	1.95	771253.0	4.16	2050.0	0.01	0.0	94.94	0.0	0	17597940	0
POR_R0_C3	16973590.0	273.0	122043.0	0.72	213.42	2773.0	0.0	706.0	12.0	0.0	2055.0	3.37	0.01	1.05	0.01	1.95	415002.0	2.44	1500.0	0.01	0.0	96.83	0.0	0	16435045	0
POR_R0_H1	16457340.0	275.0	194238.0	1.18	212.5	3145.0	0.0	836.0	6.0	0.0	2303.0	3.4	0.01	1.04	0.0	1.94	739267.0	4.49	2359.0	0.01	0.0	94.31	0.0	0	15521476	0
POR_R0_H2	19312110.0	273.0	251975.0	1.3	213.33	5437.0	0.0	1420.0	5.0	0.0	4012.0	3.38	0.01	1.05	0.01	1.98	857694.0	4.44	2688.0	0.01	0.0	94.24	0.0	0	18199753	0
POR_R0_H3	19298869.0	275.0	182684.0	0.95	213.52	4160.0	0.0	1007.0	22.0	0.0	3131.0	3.37	0.01	1.05	0.01	1.98	787192.0	4.08	2347.0	0.01	0.0	94.96	0.0	0	18326646	0
POR_R120_C1	48328377.0	259.0	1454745.0	3.01	200.08	30255.0	0.0	6701.0	71.0	0.0	23483.0	3.32	0.01	1.07	0.01	1.94	2303333.0	4.77	10337.0	0.02	0.0	92.2	0.0	0	44559962	0
POR_R120_C2	20884976.0	275.0	129350.0	0.62	213.42	2865.0	0.0	687.0	22.0	0.0	2156.0	3.38	0.01	1.07	0.01	1.88	592531.0	2.84	1628.0	0.01	0.0	96.54	0.0	0	20161467	0
POR_R120_C3	21022157.0	274.0	298372.0	1.42	212.67	4403.0	0.0	1184.0	21.0	0.0	3198.0	3.33	0.01	1.08	0.0	1.92	1139177.0	5.42	3624.0	0.02	0.0	93.14	0.0	0	19580984	0
POR_R120_H1	32803193.0	268.0	60274.0	0.18	215.08	1476.0	0.0	333.0	121.0	0.0	1022.0	3.04	0.03	1.04	0.0	2.14	169872.0	0.52	2167.0	0.01	0.0	99.29	0.0	0	32570880	0
POR_R120_H2	19787541.0	276.0	14961.0	0.08	214.57	573.0	0.0	205.0	67.0	0.0	301.0	3.39	0.02	1.14	0.01	2.24	68577.0	0.35	453.0	0.0	0.0	99.57	0.0	0	19703550	0
POR_R120_H3	17159924.0	273.0	205083.0	1.2	215.84	4512.0	0.0	973.0	27.0	0.0	3512.0	3.3	0.01	1.07	0.0	1.94	762291.0	4.44	2210.0	0.01	0.0	94.35	0.0	0	16190340	0
POR_R12_C1	14882175.0	274.0	195435.0	1.31	216.55	4772.0	0.0	1031.0	11.0	0.0	3730.0	3.29	0.01	1.07	0.0	1.94	767806.0	5.16	1974.0	0.01	0.0	93.51	0.0	0	13916960	0
POR_R12_C2	18254907.0	276.0	87102.0	0.48	217.88	1961.0	0.0	470.0	46.0	0.0	1445.0	3.29	0.01	1.12	0.0	1.88	436880.0	2.39	1169.0	0.01	0.0	97.12	0.0	0	17729756	0
POR_R12_C3	15086708.0	276.0	137039.0	0.91	220.4	3455.0	0.0	771.0	4.0	0.0	2680.0	3.23	0.01	1.08	0.0	1.88	744593.0	4.94	1553.0	0.01	0.0	94.15	0.0	0	14203523	0
POR_R12_H1	18094926.0	274.0	55772.0	0.31	213.66	1239.0	0.0	337.0	95.0	0.0	807.0	3.39	0.01	1.15	0.01	2.02	185678.0	1.03	861.0	0.0	0.0	98.66	0.0	0	17852615	0
POR_R12_H2	20719114.0	276.0	74109.0	0.36	216.1	1828.0	0.0	515.0	38.0	0.0	1275.0	3.31	0.01	1.09	0.01	1.93	346089.0	1.67	1260.0	0.01	0.0	97.97	0.0	0	20297656	0
POR_R12_H3	20149061.0	275.0	128695.0	0.64	210.83	3144.0	0.0	721.0	34.0	1.0	2388.0	3.4	0.01	1.07	0.01	1.98	541064.0	2.69	1764.0	0.01	0.0	96.67	0.0	0	19477538	0
POR_R1_C1	15994188.0	273.0	253406.0	1.58	214.39	3995.0	0.0	1063.0	52.0	0.0	2880.0	3.36	0.01	1.05	0.0	1.94	805551.0	5.04	3126.0	0.02	0.0	93.36	0.0	0	14932105	0
POR_R1_C2	15014549.0	275.0	117855.0	0.78	218.52	2992.0	0.0	633.0	12.0	2.0	2345.0	3.28	0.01	1.05	0.0	1.9	493283.0	3.29	1303.0	0.01	0.0	95.92	0.0	0	14402108	0
POR_R1_C3	16155170.0	273.0	164033.0	1.02	214.61	3693.0	0.0	853.0	19.0	0.0	2821.0	3.37	0.01	1.06	0.0	1.9	569858.0	3.53	2014.0	0.01	0.0	95.44	0.0	0	15419265	0
POR_R1_H1	18689639.0	274.0	234249.0	1.25	212.02	4609.0	0.0	1165.0	12.0	0.0	3432.0	3.36	0.01	1.05	0.01	1.94	915289.0	4.9	3044.0	0.02	0.0	93.83	0.0	0	17537057	0
POR_R1_H2	17470187.0	275.0	205430.0	1.18	214.4	4662.0	0.0	1128.0	6.0	0.0	3528.0	3.36	0.01	1.06	0.01	1.96	876274.0	5.02	2587.0	0.01	0.0	93.79	0.0	0	16385896	0
POR_R1_H3	21850264.0	275.0	183333.0	0.84	215.08	4303.0	0.0	1099.0	52.0	0.0	3152.0	3.33	0.01	1.06	0.01	1.92	840759.0	3.85	2343.0	0.01	0.0	95.3	0.0	0	20823829	0
POR_R24_C1	21431880.0	275.0	140409.0	0.66	213.22	3029.0	0.0	746.0	13.0	0.0	2270.0	3.39	0.01	1.06	0.01	1.96	608104.0	2.84	1883.0	0.01	0.0	96.5	0.0	0	20681484	0
POR_R24_C2	15996585.0	275.0	157553.0	0.98	213.78	3391.0	0.0	834.0	16.0	0.0	2541.0	3.38	0.01	1.07	0.01	1.97	702518.0	4.39	1922.0	0.01	0.0	94.61	0.0	0	15134592	0
POR_R24_C3	37618495.0	260.0	1107381.0	2.94	200.31	21045.0	0.0	5075.0	38.0	0.0	15932.0	3.36	0.01	1.05	0.01	1.96	1647917.0	4.38	8265.0	0.02	0.0	92.65	0.0	0	34854932	0
POR_R24_H1	17263898.0	274.0	238122.0	1.38	217.74	4241.0	0.0	1029.0	69.0	0.0	3143.0	3.3	0.01	1.06	0.0	1.91	919576.0	5.33	2653.0	0.02	0.0	93.28	0.0	0	16103547	0
POR_R24_H2	15751177.0	275.0	75682.0	0.48	212.43	2061.0	0.0	494.0	62.0	0.0	1505.0	3.38	0.02	1.08	0.01	1.86	340438.0	2.16	1146.0	0.01	0.0	97.35	0.0	0	15333911	0
POR_R24_H3	20794167.0	276.0	89180.0	0.43	215.21	1870.0	0.0	478.0	51.0	1.0	1340.0	3.34	0.01	1.06	0.0	1.99	417138.0	2.01	1434.0	0.01	0.0	97.56	0.0	0	20286415	0
POR_R3_C1	15451984.0	275.0	101745.0	0.66	210.59	2483.0	0.0	626.0	9.0	0.0	1848.0	3.41	0.01	1.05	0.01	1.96	436486.0	2.82	1191.0	0.01	0.0	96.51	0.0	0	14912562	0
POR_R3_C2	26946850.0	267.0	301735.0	1.12	217.69	4811.0	0.0	831.0	44.0	0.0	3936.0	2.93	0.02	1.02	0.0	1.97	724575.0	2.69	3268.0	0.01	0.0	96.18	0.0	0	25917272	0
POR_R3_C3	14949566.0	275.0	152318.0	1.02	214.55	3791.0	0.0	931.0	16.0	0.0	2844.0	3.35	0.01	1.07	0.01	1.91	677446.0	4.53	1929.0	0.01	0.0	94.44	0.0	0	14117873	0
POR_R3_H1	30984777.0	267.0	404421.0	1.31	208.36	12793.0	0.0	2605.0	16.0	0.0	10172.0	3.34	0.01	1.04	0.01	1.98	912438.0	2.94	3197.0	0.01	0.0	95.74	0.0	0	29664721	0
POR_R3_H2	19612904.0	276.0	61099.0	0.31	215.64	1549.0	0.0	394.0	41.0	0.0	1114.0	3.28	0.01	1.06	0.01	1.9	301404.0	1.54	1103.0	0.01	0.0	98.15	0.0	0	19249298	0
POR_R3_H3	18170886.0	273.0	185167.0	1.02	212.88	5112.0	0.0	1259.0	9.0	0.0	3844.0	3.35	0.01	1.06	0.01	1.99	666632.0	3.67	1665.0	0.01	0.0	95.3	0.0	0	17317422	0
POR_R72_C1	15851023.0	275.0	153080.0	0.97	212.27	3343.0	0.0	886.0	8.0	0.0	2449.0	3.39	0.01	1.07	0.01	1.93	684388.0	4.32	1960.0	0.01	0.0	94.7	0.0	0	15011595	0
POR_R72_C2	17720826.0	275.0	130977.0	0.74	214.5	2780.0	0.0	649.0	29.0	0.0	2102.0	3.34	0.01	1.08	0.0	1.88	589860.0	3.33	1849.0	0.01	0.0	95.92	0.0	0	16998140	0
POR_R72_C3	15342750.0	275.0	164793.0	1.07	230.14	5094.0	0.0	1191.0	139.0	0.0	3764.0	3.04	0.02	1.27	0.01	1.83	627561.0	4.09	6260.0	0.04	0.0	94.79	0.0	0	14544136	0
POR_R72_H1	15468570.0	271.0	298865.0	1.93	214.11	4935.0	0.0	1090.0	19.0	0.0	3826.0	3.45	0.01	1.1	0.0	1.94	819923.0	5.3	2220.0	0.01	0.0	92.75	0.0	0	14347562	0
POR_R72_H2	15160588.0	274.0	192708.0	1.27	210.84	4313.0	0.0	1260.0	153.0	0.0	2900.0	3.44	0.01	1.1	0.01	1.93	742038.0	4.89	2087.0	0.01	0.0	93.82	0.0	0	14223755	0
POR_R72_H3	16095937.0	276.0	60563.0	0.38	213.35	1437.0	0.0	361.0	35.0	0.0	1041.0	3.42	0.02	1.18	0.01	1.8	277164.0	1.72	1069.0	0.01	0.0	97.89	0.0	0	15757141	0
