Sample	total_reads	avg_input_read_length	uniquely_mapped	uniquely_mapped_percent	avg_mapped_read_length	num_splices	num_annotated_splices	num_GTAG_splices	num_GCAG_splices	num_ATAC_splices	num_noncanonical_splices	mismatch_rate	deletion_rate	deletion_length	insertion_rate	insertion_length	multimapped	multimapped_percent	multimapped_toomany	multimapped_toomany_percent	unmapped_mismatches_percent	unmapped_tooshort_percent	unmapped_other_percent	unmapped_mismatches	unmapped_tooshort	unmapped_other
POC_R0_C1	19155605.0	276.0	3123.0	0.02	214.31	146.0	0.0	61.0	53.0	0.0	32.0	4.16	0.02	2.5	0.12	1.67	15442.0	0.08	3984.0	0.02	0.0	99.86	0.02	0	19129225	3831
POC_R0_C2	18332777.0	275.0	9379.0	0.05	216.2	279.0	0.0	118.0	90.0	0.0	71.0	4.11	0.01	2.39	0.13	1.62	63682.0	0.35	13731.0	0.07	0.0	99.5	0.03	0	18240485	5500
POC_R0_C3	19413836.0	275.0	17997.0	0.09	215.74	202.0	0.0	95.0	31.0	1.0	75.0	4.11	0.0	1.33	0.14	1.6	131073.0	0.68	26320.0	0.14	0.0	99.08	0.02	0	19234563	3883
POC_R0_H1	18505556.0	276.0	5078.0	0.03	216.64	759.0	0.0	360.0	270.0	0.0	129.0	3.99	0.02	2.75	0.12	1.61	29457.0	0.16	6622.0	0.04	0.0	99.75	0.03	0	18458847	5552
POC_R0_H2	17194253.0	276.0	5414.0	0.03	216.87	282.0	0.0	158.0	84.0	0.0	40.0	4.1	0.02	2.9	0.15	1.63	38212.0	0.22	8552.0	0.05	0.0	99.67	0.03	0	17136917	5158
POC_R0_H3	20720904.0	277.0	7347.0	0.04	216.77	211.0	0.0	118.0	46.0	0.0	47.0	4.09	0.01	2.61	0.14	1.58	55331.0	0.27	11643.0	0.06	0.0	99.62	0.02	0	20642439	4144
POC_R120_C1	29678285.0	266.0	12258.0	0.04	204.02	613.0	0.0	340.0	137.0	0.0	136.0	4.31	0.02	2.82	0.09	1.67	73776.0	0.25	13665.0	0.05	0.0	99.63	0.03	0	29569682	8904
POC_R120_C2	16540844.0	276.0	3367.0	0.02	215.45	244.0	0.0	139.0	66.0	0.0	39.0	4.1	0.02	2.38	0.13	1.65	17906.0	0.11	4399.0	0.03	0.0	99.82	0.02	0	16511864	3308
POC_R120_C3	18412529.0	276.0	3686.0	0.02	216.23	446.0	0.0	206.0	168.0	0.0	72.0	4.02	0.02	3.14	0.12	1.64	20350.0	0.11	4478.0	0.02	0.0	99.82	0.03	0	18378492	5523
POC_R120_H1	18059569.0	276.0	14206.0	0.08	217.7	164.0	0.0	78.0	27.0	0.0	59.0	4.07	0.0	1.34	0.14	1.54	110332.0	0.61	20777.0	0.12	0.0	99.18	0.02	0	17910642	3612
POC_R120_H2	30156569.0	276.0	6049.0	0.02	225.12	1299.0	0.0	817.0	366.0	0.0	116.0	4.03	0.09	3.35	0.05	1.91	16610.0	0.06	5903.0	0.02	0.0	99.85	0.06	0	30109914	18093
POC_R120_H3	19432523.0	276.0	16329.0	0.08	217.7	331.0	0.0	177.0	66.0	0.0	88.0	4.06	0.01	2.19	0.14	1.62	116262.0	0.6	23788.0	0.12	0.0	99.17	0.03	0	19270315	5829
POC_R12_C1	15950909.0	277.0	6548.0	0.04	219.66	651.0	0.0	309.0	239.0	0.0	103.0	3.97	0.02	2.7	0.13	1.62	42084.0	0.26	10119.0	0.06	0.0	99.6	0.03	0	15887373	4785
POC_R12_C2	20841125.0	277.0	24089.0	0.12	244.16	35697.0	0.0	14679.0	15620.0	9.0	5389.0	1.96	0.01	2.82	0.07	1.64	80689.0	0.39	18728.0	0.09	0.0	99.38	0.03	0	20711367	6252
POC_R12_C3	34184331.0	266.0	11530.0	0.03	206.13	1566.0	0.0	654.0	603.0	0.0	309.0	4.16	0.02	3.42	0.08	1.55	66086.0	0.19	11725.0	0.03	0.0	99.71	0.03	0	34084735	10255
POC_R12_H1	18800091.0	277.0	9697.0	0.05	218.28	348.0	0.0	151.0	106.0	0.0	91.0	4.05	0.01	1.91	0.15	1.6	69700.0	0.37	14765.0	0.08	0.0	99.47	0.02	0	18702169	3760
POC_R12_H2	18767083.0	277.0	7511.0	0.04	218.94	390.0	0.0	212.0	117.0	0.0	61.0	4.03	0.02	2.78	0.13	1.62	47991.0	0.26	11236.0	0.06	0.0	99.61	0.03	0	18694715	5630
POC_R12_H3	15294654.0	276.0	2540.0	0.02	217.25	236.0	0.0	102.0	109.0	0.0	25.0	4.08	0.02	2.76	0.11	1.6	14033.0	0.09	3085.0	0.02	0.0	99.84	0.03	0	15270408	4588
POC_R1_C1	20322596.0	275.0	6660.0	0.03	216.32	247.0	0.0	133.0	64.0	0.0	50.0	4.08	0.01	2.43	0.13	1.63	42530.0	0.21	9225.0	0.05	0.0	99.69	0.03	0	20258085	6096
POC_R1_C2	25354966.0	275.0	3528.0	0.01	210.86	259.0	0.0	127.0	66.0	0.0	66.0	4.21	0.04	2.88	0.11	1.71	16741.0	0.07	4386.0	0.02	0.0	99.88	0.03	0	25322705	7606
POC_R1_C3	18780811.0	276.0	6805.0	0.04	216.13	90.0	0.0	47.0	11.0	0.0	32.0	4.11	0.01	2.58	0.15	1.63	52932.0	0.28	11578.0	0.06	0.0	99.6	0.02	0	18705740	3756
POC_R1_H1	29405414.0	267.0	11532.0	0.04	207.35	328.0	0.0	155.0	56.0	0.0	117.0	4.29	0.01	2.74	0.1	1.62	70352.0	0.24	13266.0	0.05	0.0	99.65	0.03	0	29301443	8821
POC_R1_H2	20024009.0	277.0	4142.0	0.02	217.87	216.0	0.0	116.0	68.0	2.0	30.0	4.06	0.02	2.65	0.13	1.6	26842.0	0.13	6272.0	0.03	0.0	99.79	0.02	0	19982748	4005
POC_R1_H3	19823541.0	276.0	12842.0	0.06	216.31	189.0	0.0	91.0	57.0	0.0	41.0	4.08	0.01	1.77	0.15	1.58	92466.0	0.47	19480.0	0.1	0.0	99.35	0.02	0	19694788	3965
POC_R24_C1	21120682.0	277.0	12378.0	0.06	216.37	354.0	0.0	164.0	123.0	0.0	67.0	4.07	0.01	1.77	0.15	1.61	89735.0	0.42	19121.0	0.09	0.0	99.41	0.02	0	20995224	4224
POC_R24_C2	16396475.0	277.0	13885.0	0.08	216.37	181.0	0.0	68.0	50.0	0.0	63.0	4.08	0.01	1.48	0.15	1.59	109792.0	0.67	22041.0	0.13	0.0	99.1	0.01	0	16249117	1640
POC_R24_C3	22674647.0	277.0	5577.0	0.02	216.88	250.0	0.0	124.0	77.0	0.0	49.0	4.08	0.02	2.46	0.14	1.62	34929.0	0.15	8101.0	0.04	0.0	99.76	0.02	0	22621505	4535
POC_R24_H1	18977274.0	274.0	4957.0	0.03	215.83	267.0	0.0	137.0	75.0	0.0	55.0	4.13	0.02	2.44	0.13	1.67	29016.0	0.15	6585.0	0.03	0.0	99.76	0.03	0	18931023	5693
POC_R24_H2	16733336.0	277.0	6021.0	0.04	218.87	383.0	0.0	214.0	119.0	0.0	50.0	4.05	0.02	2.47	0.14	1.6	39161.0	0.23	8859.0	0.05	0.0	99.64	0.03	0	16674275	5020
POC_R24_H3	18033331.0	277.0	7600.0	0.04	217.84	486.0	0.0	205.0	188.0	1.0	92.0	4.01	0.01	2.57	0.15	1.63	52802.0	0.29	11635.0	0.06	0.0	99.58	0.02	0	17957687	3607
POC_R3_C1	20389362.0	276.0	5291.0	0.03	216.92	401.0	0.0	176.0	146.0	1.0	78.0	4.04	0.01	2.56	0.14	1.59	35328.0	0.17	7910.0	0.04	0.0	99.74	0.02	0	20336755	4078
POC_R3_C2	18647667.0	275.0	9204.0	0.05	216.68	229.0	0.0	119.0	43.0	0.0	67.0	4.1	0.01	2.58	0.13	1.64	62151.0	0.33	13655.0	0.07	0.0	99.52	0.03	0	18557063	5594
POC_R3_C3	22206991.0	276.0	17620.0	0.08	215.97	173.0	0.0	69.0	26.0	0.0	78.0	4.1	0.01	1.5	0.16	1.6	133006.0	0.6	28060.0	0.13	0.0	99.18	0.02	0	22023864	4441
POC_R3_H1	15404553.0	278.0	6760.0	0.04	221.06	302.0	0.0	153.0	106.0	0.0	43.0	4.0	0.01	2.66	0.14	1.61	47841.0	0.31	10433.0	0.07	0.0	99.55	0.03	0	15334898	4621
POC_R3_H2	31036781.0	266.0	2673.0	0.01	191.0	217.0	0.0	95.0	52.0	0.0	70.0	4.6	0.05	3.72	0.07	1.89	6424.0	0.02	1823.0	0.01	0.0	99.94	0.02	0	31019653	6208
POC_R3_H3	16987689.0	277.0	7807.0	0.05	217.28	188.0	0.0	108.0	48.0	0.0	32.0	4.07	0.01	2.11	0.15	1.61	58468.0	0.34	12477.0	0.07	0.0	99.52	0.02	0	16905540	3397
POC_R72_C1	18783520.0	275.0	4818.0	0.03	213.59	224.0	0.0	125.0	50.0	0.0	49.0	4.16	0.02	2.53	0.12	1.66	29573.0	0.16	6293.0	0.03	0.0	99.76	0.02	0	18739079	3757
POC_R72_C2	23233557.0	277.0	5652.0	0.02	218.52	264.0	0.0	130.0	80.0	0.0	54.0	4.04	0.02	2.93	0.14	1.6	36343.0	0.16	8517.0	0.04	0.0	99.76	0.02	0	23178398	4647
POC_R72_C3	17855369.0	277.0	7025.0	0.04	217.52	452.0	0.0	251.0	142.0	0.0	59.0	4.1	0.02	2.83	0.12	1.58	44209.0	0.25	10369.0	0.06	0.0	99.62	0.04	0	17786624	7142
POC_R72_H1	22264917.0	277.0	9331.0	0.04	218.47	335.0	0.0	147.0	114.0	0.0	74.0	4.04	0.01	1.82	0.14	1.59	67633.0	0.3	14751.0	0.07	0.0	99.57	0.02	0	22168749	4453
POC_R72_H2	17132924.0	277.0	8805.0	0.05	217.48	410.0	0.0	201.0	134.0	0.0	75.0	4.05	0.02	3.13	0.14	1.64	60705.0	0.35	12918.0	0.08	0.0	99.48	0.03	0	17045356	5140
POC_R72_H3	15415216.0	277.0	15276.0	0.1	218.07	163.0	0.0	61.0	34.0	0.0	68.0	4.09	0.01	1.56	0.16	1.57	114761.0	0.74	24910.0	0.16	0.0	98.98	0.02	0	15257186	3083
