Sample	total_reads	avg_input_read_length	uniquely_mapped	uniquely_mapped_percent	avg_mapped_read_length	num_splices	num_annotated_splices	num_GTAG_splices	num_GCAG_splices	num_ATAC_splices	num_noncanonical_splices	mismatch_rate	deletion_rate	deletion_length	insertion_rate	insertion_length	multimapped	multimapped_percent	multimapped_toomany	multimapped_toomany_percent	unmapped_mismatches_percent	unmapped_tooshort_percent	unmapped_other_percent	unmapped_mismatches	unmapped_tooshort	unmapped_other
POC_R0_C1	19155605.0	276.0	61526.0	0.32	264.89	126584.0	0.0	40748.0	65192.0	15.0	20629.0	0.71	0.02	2.81	0.01	3.51	265984.0	1.39	659.0	0.0	0.0	98.29	0.0	0	18827436	0
POC_R0_C2	18332777.0	275.0	119137.0	0.65	260.46	206294.0	0.0	66477.0	106102.0	27.0	33688.0	1.0	0.02	2.75	0.01	3.32	465280.0	2.54	1267.0	0.01	0.0	96.81	0.0	0	17747093	0
POC_R0_C3	19413836.0	275.0	86160.0	0.44	246.56	94670.0	0.0	30331.0	48777.0	19.0	15543.0	1.88	0.01	1.85	0.01	3.61	278440.0	1.43	506.0	0.0	0.0	98.12	0.0	0	19048730	0
POC_R0_H1	18505556.0	276.0	115594.0	0.62	264.93	232737.0	0.0	74979.0	120163.0	47.0	37548.0	0.73	0.02	2.92	0.01	3.42	482416.0	2.61	1168.0	0.01	0.0	96.76	0.0	0	17906378	0
POC_R0_H2	17194253.0	276.0	128285.0	0.75	264.94	252798.0	0.0	81783.0	129668.0	41.0	41306.0	0.74	0.01	2.83	0.01	3.6	527933.0	3.07	1231.0	0.01	0.0	96.18	0.0	0	16536804	0
POC_R0_H3	20720904.0	277.0	101226.0	0.49	261.56	181362.0	0.0	59028.0	92817.0	20.0	29497.0	0.96	0.01	2.68	0.01	3.63	394605.0	1.9	1000.0	0.0	0.0	97.6	0.0	0	20224073	0
POC_R120_C1	29678285.0	266.0	213131.0	0.72	256.85	378599.0	0.0	121729.0	195332.0	42.0	61496.0	0.9	0.02	2.79	0.01	3.65	838051.0	2.82	2356.0	0.01	0.0	96.45	0.0	0	28624747	0
POC_R120_C2	16540844.0	276.0	86178.0	0.52	265.71	172603.0	0.0	55975.0	88435.0	16.0	28177.0	0.69	0.01	2.98	0.01	3.45	362086.0	2.19	938.0	0.01	0.0	97.28	0.0	0	16091642	0
POC_R120_C3	18412529.0	276.0	96533.0	0.52	265.72	194696.0	0.0	62856.0	99673.0	20.0	32147.0	0.69	0.02	2.84	0.01	3.79	408576.0	2.22	912.0	0.0	0.0	97.25	0.0	0	17906508	0
POC_R120_H1	18059569.0	276.0	73350.0	0.41	250.57	85506.0	0.0	27652.0	44211.0	8.0	13635.0	1.78	0.01	2.09	0.01	3.27	247910.0	1.37	671.0	0.0	0.0	98.22	0.0	0	17737638	0
POC_R120_H2	30156569.0	276.0	420919.0	1.4	267.71	770393.0	0.0	252019.0	394402.0	86.0	123886.0	0.66	0.02	3.25	0.01	3.32	1836011.0	6.09	11783.0	0.04	0.0	92.48	0.0	0	27887856	0
POC_R120_H3	19432523.0	276.0	152227.0	0.78	257.7	245642.0	0.0	79437.0	126531.0	26.0	39648.0	1.2	0.01	2.24	0.01	3.44	575063.0	2.96	1189.0	0.01	0.0	96.25	0.0	0	18704044	0
POC_R12_C1	15950909.0	277.0	147222.0	0.92	265.24	289619.0	0.0	93599.0	148505.0	48.0	47467.0	0.74	0.01	2.7	0.01	3.47	602122.0	3.77	1548.0	0.01	0.0	95.29	0.0	0	15200017	0
POC_R12_C2	20841125.0	277.0	165889.0	0.8	263.67	307987.0	0.0	99597.0	158087.0	52.0	50251.0	0.87	0.01	2.82	0.01	3.55	662782.0	3.18	1821.0	0.01	0.0	96.02	0.0	0	20010633	0
POC_R12_C3	34184331.0	266.0	155085.0	0.45	255.78	277531.0	0.0	88778.0	143460.0	41.0	45252.0	0.96	0.01	2.5	0.01	3.27	607117.0	1.78	1672.0	0.0	0.0	97.77	0.0	0	33420457	0
POC_R12_H1	18800091.0	277.0	119346.0	0.63	261.45	211001.0	0.0	68414.0	108702.0	14.0	33871.0	0.98	0.02	2.87	0.01	3.41	469337.0	2.5	1298.0	0.01	0.0	96.86	0.0	0	18210110	0
POC_R12_H2	18767083.0	277.0	184514.0	0.98	265.59	369029.0	0.0	119812.0	189092.0	54.0	60071.0	0.72	0.02	2.88	0.01	3.24	763122.0	4.07	1839.0	0.01	0.0	94.94	0.0	0	17817608	0
POC_R12_H3	15294654.0	276.0	100585.0	0.66	266.61	212820.0	0.0	68805.0	109221.0	25.0	34769.0	0.62	0.01	2.9	0.01	3.55	433497.0	2.83	1041.0	0.01	0.0	96.5	0.0	0	14759531	0
POC_R1_C1	20322596.0	275.0	119398.0	0.59	262.75	222820.0	0.0	72195.0	114259.0	25.0	36341.0	0.84	0.02	2.71	0.01	3.51	485089.0	2.39	1315.0	0.01	0.0	97.02	0.0	0	19716794	0
POC_R1_C2	25354966.0	275.0	93157.0	0.37	264.91	185556.0	0.0	60489.0	94647.0	30.0	30390.0	0.71	0.02	3.1	0.01	3.59	408108.0	1.61	1429.0	0.01	0.0	98.02	0.0	0	24852272	0
POC_R1_C3	18780811.0	276.0	54311.0	0.29	255.76	83113.0	0.0	27103.0	42315.0	10.0	13685.0	1.31	0.01	2.36	0.01	3.26	198985.0	1.06	499.0	0.0	0.0	98.65	0.0	0	18527016	0
POC_R1_H1	29405414.0	267.0	116350.0	0.4	252.57	181616.0	0.0	58463.0	93088.0	18.0	30047.0	1.16	0.02	2.27	0.01	3.44	419548.0	1.43	1230.0	0.0	0.0	98.17	0.0	0	28868286	0
POC_R1_H2	20024009.0	277.0	109433.0	0.55	266.1	221003.0	0.0	71447.0	113366.0	28.0	36162.0	0.7	0.02	3.1	0.01	3.39	452922.0	2.26	1131.0	0.01	0.0	97.19	0.0	0	19460523	0
POC_R1_H3	19823541.0	276.0	71536.0	0.36	251.4	93524.0	0.0	30098.0	48138.0	17.0	15271.0	1.59	0.01	2.18	0.01	3.76	253309.0	1.28	534.0	0.0	0.0	98.36	0.0	0	19498162	0
POC_R24_C1	21120682.0	277.0	57270.0	0.27	248.44	66564.0	0.0	21509.0	34123.0	5.0	10927.0	1.8	0.01	1.98	0.01	3.49	195833.0	0.93	402.0	0.0	0.0	98.8	0.0	0	20867177	0
POC_R24_C2	16396475.0	277.0	56185.0	0.34	241.97	48475.0	0.0	15947.0	24338.0	9.0	8181.0	2.2	0.01	1.9	0.01	3.32	173392.0	1.06	326.0	0.0	0.0	98.6	0.0	0	16166572	0
POC_R24_C3	22674647.0	277.0	106815.0	0.47	264.83	205968.0	0.0	66342.0	105659.0	32.0	33935.0	0.77	0.01	2.83	0.01	3.87	435562.0	1.92	1217.0	0.01	0.0	97.6	0.0	0	22131053	0
POC_R24_H1	18977274.0	274.0	96101.0	0.51	263.38	182968.0	0.0	59157.0	93936.0	30.0	29845.0	0.79	0.02	2.82	0.01	3.09	395315.0	2.08	1046.0	0.01	0.0	97.4	0.0	0	18484812	0
POC_R24_H2	16733336.0	277.0	167129.0	1.0	266.17	336912.0	0.0	108193.0	173517.0	45.0	55157.0	0.69	0.02	2.92	0.01	3.68	698019.0	4.17	1623.0	0.01	0.0	94.82	0.0	0	15866565	0
POC_R24_H3	18033331.0	277.0	71044.0	0.39	259.11	117893.0	0.0	38128.0	59954.0	12.0	19799.0	1.12	0.01	2.6	0.01	3.21	273970.0	1.52	741.0	0.0	0.0	98.08	0.0	0	17687576	0
POC_R3_C1	20389362.0	276.0	85678.0	0.42	263.74	163001.0	0.0	52581.0	83611.0	23.0	26786.0	0.85	0.02	2.82	0.01	3.71	357352.0	1.75	925.0	0.0	0.0	97.82	0.0	0	19945407	0
POC_R3_C2	18647667.0	275.0	109782.0	0.59	260.2	188008.0	0.0	60779.0	96557.0	23.0	30649.0	1.01	0.01	2.54	0.01	3.7	426862.0	2.29	1031.0	0.01	0.0	97.12	0.0	0	18109992	0
POC_R3_C3	22206991.0	276.0	76948.0	0.35	245.4	77790.0	0.0	24907.0	40116.0	6.0	12761.0	1.97	0.01	1.99	0.01	3.65	246977.0	1.11	525.0	0.0	0.0	98.54	0.0	0	21882541	0
POC_R3_H1	15404553.0	278.0	115474.0	0.75	265.24	226056.0	0.0	72847.0	116459.0	24.0	36726.0	0.81	0.01	2.67	0.01	3.71	482151.0	3.13	936.0	0.01	0.0	96.11	0.0	0	14805992	0
POC_R3_H2	31036781.0	266.0	57195.0	0.18	262.13	114834.0	0.0	37142.0	58986.0	20.0	18686.0	0.66	0.02	3.13	0.01	3.63	253096.0	0.82	1066.0	0.0	0.0	99.0	0.0	0	30725424	0
POC_R3_H3	16987689.0	277.0	92456.0	0.54	260.51	158655.0	0.0	51710.0	81251.0	19.0	25675.0	1.03	0.02	2.79	0.01	3.7	356535.0	2.1	793.0	0.0	0.0	97.35	0.0	0	16537905	0
POC_R72_C1	18783520.0	275.0	84589.0	0.45	262.7	161679.0	0.0	52397.0	82872.0	12.0	26398.0	0.83	0.01	2.62	0.01	3.26	347918.0	1.85	922.0	0.0	0.0	97.69	0.0	0	18350091	0
POC_R72_C2	23233557.0	277.0	124086.0	0.53	265.41	247602.0	0.0	79553.0	127758.0	21.0	40270.0	0.74	0.01	2.72	0.01	3.89	510343.0	2.2	1054.0	0.0	0.0	97.26	0.0	0	22598074	0
POC_R72_C3	17855369.0	277.0	197926.0	1.11	266.28	397408.0	0.0	128642.0	203408.0	64.0	65294.0	0.7	0.01	2.82	0.01	3.66	821134.0	4.6	1874.0	0.01	0.0	94.28	0.0	0	16834435	0
POC_R72_H1	22264917.0	277.0	120453.0	0.54	262.06	220014.0	0.0	71257.0	112739.0	22.0	35996.0	0.96	0.01	2.57	0.01	3.31	482251.0	2.17	1128.0	0.01	0.0	97.29	0.0	0	21661085	0
POC_R72_H2	17132924.0	277.0	189190.0	1.1	264.65	372978.0	0.0	120213.0	191786.0	40.0	60939.0	0.77	0.01	2.71	0.01	3.55	779826.0	4.55	1636.0	0.01	0.0	94.33	0.0	0	16162272	0
POC_R72_H3	15415216.0	277.0	75276.0	0.49	251.13	93038.0	0.0	29977.0	48045.0	17.0	14999.0	1.73	0.01	1.86	0.01	3.04	267127.0	1.73	452.0	0.0	0.0	97.78	0.0	0	15072361	0
