Sample	total_reads	avg_input_read_length	uniquely_mapped	uniquely_mapped_percent	avg_mapped_read_length	num_splices	num_annotated_splices	num_GTAG_splices	num_GCAG_splices	num_ATAC_splices	num_noncanonical_splices	mismatch_rate	deletion_rate	deletion_length	insertion_rate	insertion_length	multimapped	multimapped_percent	multimapped_toomany	multimapped_toomany_percent	unmapped_mismatches_percent	unmapped_tooshort_percent	unmapped_other_percent	unmapped_mismatches	unmapped_tooshort	unmapped_other
POR_R0_C1	22794527.0	276.0	197968.0	0.87	217.86	36365.0	0.0	21238.0	10247.0	13.0	4867.0	4.05	0.01	2.72	0.09	1.94	1199826.0	5.26	292630.0	1.28	0.0	92.57	0.01	0	21101823	2280
POR_R0_C2	18534989.0	275.0	184147.0	0.99	219.32	32846.0	0.0	19111.0	9546.0	16.0	4173.0	4.01	0.01	2.38	0.11	1.97	1018365.0	5.49	236239.0	1.27	0.0	92.23	0.01	0	17094385	1853
POR_R0_C3	16973590.0	273.0	104570.0	0.62	221.17	35622.0	0.0	20728.0	10488.0	12.0	4394.0	3.88	0.02	3.03	0.1	2.02	601852.0	3.55	130092.0	0.77	0.0	95.05	0.02	0	16133681	3395
POR_R0_H1	16457340.0	275.0	123567.0	0.75	214.95	8559.0	0.0	4771.0	2386.0	6.0	1396.0	4.17	0.01	1.69	0.11	1.9	1032031.0	6.27	193142.0	1.17	0.0	91.8	0.01	0	15106954	1646
POR_R0_H2	19312110.0	273.0	190195.0	0.98	216.39	21063.0	0.0	11751.0	5876.0	6.0	3430.0	4.1	0.01	2.07	0.11	1.93	1245490.0	6.45	261732.0	1.36	0.0	91.2	0.01	0	17612762	1931
POR_R0_H3	19298869.0	275.0	155819.0	0.81	216.54	13636.0	0.0	7652.0	3874.0	2.0	2108.0	4.12	0.01	1.78	0.11	1.91	1053852.0	5.46	219818.0	1.14	0.0	92.58	0.01	0	17867450	1930
POR_R120_C1	48328377.0	259.0	600478.0	1.24	206.73	96458.0	0.0	53780.0	26797.0	24.0	15857.0	4.25	0.01	2.07	0.09	1.96	4366274.0	9.03	934434.0	1.93	0.0	87.78	0.01	0	42422358	4833
POR_R120_C2	20884976.0	275.0	134799.0	0.65	220.9	36487.0	0.0	21372.0	10704.0	15.0	4396.0	3.94	0.02	2.7	0.11	1.97	782032.0	3.74	167923.0	0.8	0.0	94.79	0.02	0	19796045	4177
POR_R120_C3	21022157.0	274.0	191836.0	0.91	217.1	33692.0	0.0	19502.0	9662.0	18.0	4510.0	4.07	0.01	2.38	0.1	1.9	1597383.0	7.6	290755.0	1.38	0.0	90.1	0.01	0	18940081	2102
POR_R120_H1	32803193.0	268.0	217360.0	0.66	235.79	276166.0	0.0	161538.0	83755.0	74.0	30799.0	3.08	0.07	3.55	0.06	2.86	316993.0	0.97	83884.0	0.26	0.0	98.07	0.05	0	32168555	16401
POR_R120_H2	19787541.0	276.0	94616.0	0.48	240.66	124739.0	0.0	73856.0	37574.0	38.0	13271.0	3.11	0.07	3.74	0.06	3.08	116693.0	0.59	28868.0	0.15	0.0	98.75	0.03	0	19541427	5937
POR_R120_H3	17159924.0	273.0	153063.0	0.89	217.01	21925.0	0.0	12527.0	6253.0	6.0	3139.0	4.09	0.01	2.13	0.11	1.88	1055575.0	6.15	220537.0	1.29	0.0	91.66	0.01	0	15729033	1716
POR_R12_C1	14882175.0	274.0	158289.0	1.06	217.43	19355.0	0.0	11173.0	5488.0	11.0	2683.0	4.07	0.01	1.95	0.12	1.92	1039702.0	6.99	227406.0	1.53	0.0	90.41	0.01	0	13455290	1488
POR_R12_C2	18254907.0	276.0	136506.0	0.75	228.71	86564.0	0.0	51474.0	25613.0	19.0	9458.0	3.6	0.04	3.35	0.09	2.12	573737.0	3.14	128198.0	0.7	0.0	95.38	0.02	0	17412815	3651
POR_R12_C3	15086708.0	276.0	159832.0	1.06	220.52	33399.0	0.0	19522.0	9947.0	7.0	3923.0	3.96	0.01	2.33	0.11	1.95	930519.0	6.17	213976.0	1.42	0.0	91.34	0.01	0	13780872	1509
POR_R12_H1	18094926.0	274.0	127868.0	0.71	236.87	146306.0	0.0	86824.0	43905.0	45.0	15532.0	3.21	0.07	3.59	0.07	2.67	297312.0	1.64	63778.0	0.35	0.0	97.25	0.04	0	17598729	7239
POR_R12_H2	20719114.0	276.0	139230.0	0.67	231.07	101271.0	0.0	59709.0	30078.0	30.0	11454.0	3.5	0.05	3.47	0.08	2.24	474888.0	2.29	114211.0	0.55	0.0	96.46	0.03	0	19984570	6215
POR_R12_H3	20149061.0	275.0	142841.0	0.71	222.19	50371.0	0.0	29581.0	14818.0	23.0	5949.0	3.86	0.02	2.85	0.1	2.04	738925.0	3.67	167403.0	0.83	0.0	94.77	0.02	0	19095862	4030
POR_R1_C1	15994188.0	273.0	134819.0	0.84	215.6	10292.0	0.0	5676.0	2945.0	4.0	1667.0	4.15	0.01	1.82	0.11	1.87	1177532.0	7.36	213169.0	1.33	0.0	90.46	0.01	0	14467069	1599
POR_R1_C2	15014549.0	275.0	121401.0	0.81	222.8	46101.0	0.0	27260.0	13665.0	19.0	5157.0	3.84	0.02	2.84	0.1	2.0	662307.0	4.41	146499.0	0.98	0.0	93.79	0.02	0	14081339	3003
POR_R1_C3	16155170.0	273.0	129368.0	0.8	219.95	34813.0	0.0	20337.0	10214.0	12.0	4250.0	3.95	0.02	2.75	0.1	1.97	821022.0	5.08	169192.0	1.05	0.0	93.05	0.01	0	15033972	1616
POR_R1_H1	18689639.0	274.0	182696.0	0.98	216.82	22291.0	0.0	12707.0	6335.0	11.0	3238.0	4.09	0.01	2.11	0.11	1.92	1273611.0	6.81	259019.0	1.39	0.0	90.82	0.01	0	16972444	1869
POR_R1_H2	17470187.0	275.0	183083.0	1.05	217.87	22209.0	0.0	12702.0	6360.0	10.0	3137.0	4.06	0.01	2.07	0.11	1.93	1188149.0	6.8	252310.0	1.44	0.0	90.7	0.01	0	15844898	1747
POR_R1_H3	21850264.0	275.0	203210.0	0.93	221.76	61677.0	0.0	36242.0	18182.0	26.0	7227.0	3.89	0.02	2.87	0.11	2.0	1113867.0	5.1	246869.0	1.13	0.0	92.83	0.01	0	20284133	2185
POR_R24_C1	21431880.0	275.0	135066.0	0.63	219.65	29743.0	0.0	17285.0	8815.0	6.0	3637.0	3.98	0.02	2.52	0.1	1.97	820373.0	3.83	174727.0	0.82	0.0	94.71	0.02	0	20297428	4286
POR_R24_C2	15996585.0	275.0	159351.0	1.0	220.29	39523.0	0.0	23067.0	11695.0	10.0	4751.0	3.96	0.02	2.63	0.1	1.96	945828.0	5.91	205035.0	1.28	0.0	91.8	0.01	0	14684771	1600
POR_R24_C3	37618495.0	260.0	404933.0	1.08	205.77	56151.0	0.0	30604.0	15531.0	35.0	9981.0	4.28	0.01	1.9	0.09	1.91	3183246.0	8.46	652973.0	1.74	0.0	88.72	0.01	0	33373581	3762
POR_R24_H1	17263898.0	274.0	157639.0	0.91	218.95	21049.0	0.0	12076.0	6130.0	0.0	2843.0	4.04	0.01	2.06	0.12	1.75	1267184.0	7.34	244659.0	1.42	0.0	90.32	0.01	0	15592690	1726
POR_R24_H2	15751177.0	275.0	111320.0	0.71	226.23	57894.0	0.0	34248.0	17126.0	16.0	6504.0	3.69	0.03	3.09	0.09	2.1	464218.0	2.95	110320.0	0.7	0.0	95.62	0.02	0	15062169	3150
POR_R24_H3	20794167.0	276.0	132291.0	0.64	228.67	95070.0	0.0	56395.0	28209.0	29.0	10437.0	3.58	0.04	3.38	0.08	2.16	560545.0	2.7	121181.0	0.58	0.0	96.06	0.03	0	19973912	6238
POR_R3_C1	15451984.0	275.0	105952.0	0.69	218.87	21017.0	0.0	12208.0	6210.0	6.0	2593.0	4.01	0.01	2.51	0.11	1.98	589153.0	3.81	133454.0	0.86	0.0	94.62	0.01	0	14621880	1545
POR_R3_C2	26946850.0	267.0	214320.0	0.8	211.66	73030.0	0.0	41603.0	21727.0	22.0	9678.0	4.02	0.02	2.9	0.07	2.07	1247949.0	4.63	256486.0	0.95	0.0	93.6	0.02	0	25222706	5389
POR_R3_C3	14949566.0	275.0	160174.0	1.07	220.11	34231.0	0.0	19924.0	10041.0	13.0	4253.0	3.97	0.02	2.53	0.11	1.96	904758.0	6.05	205558.0	1.38	0.0	91.49	0.01	0	13677581	1495
POR_R3_H1	30984777.0	267.0	254072.0	0.82	212.59	39405.0	0.0	22161.0	11127.0	21.0	6096.0	4.13	0.01	2.19	0.11	1.95	1515976.0	4.89	339994.0	1.1	0.0	93.17	0.02	0	28868538	6197
POR_R3_H2	19612904.0	276.0	147942.0	0.75	232.62	139054.0	0.0	82625.0	41414.0	31.0	14984.0	3.42	0.05	3.54	0.07	2.44	407534.0	2.08	99949.0	0.51	0.0	96.63	0.03	0	18951595	5884
POR_R3_H3	18170886.0	273.0	161835.0	0.89	216.13	20593.0	0.0	11708.0	5842.0	4.0	3039.0	4.1	0.01	2.11	0.11	1.95	946356.0	5.21	220295.0	1.21	0.0	92.68	0.01	0	16840583	1817
POR_R72_C1	15851023.0	275.0	153366.0	0.97	219.63	28411.0	0.0	16461.0	8193.0	3.0	3754.0	3.99	0.01	2.46	0.11	1.96	922461.0	5.82	196930.0	1.24	0.0	91.96	0.01	0	14576681	1585
POR_R72_C2	17720826.0	275.0	157347.0	0.89	224.91	79874.0	0.0	46789.0	24081.0	31.0	8973.0	3.74	0.03	3.2	0.09	2.09	792393.0	4.47	173295.0	0.98	0.0	93.64	0.02	0	16594247	3544
POR_R72_C3	15342750.0	275.0	434953.0	2.83	241.13	434815.0	0.0	255759.0	130583.0	127.0	48346.0	3.08	0.07	3.55	0.07	2.65	1012264.0	6.6	318639.0	2.08	0.0	88.38	0.11	0	13560017	16877
POR_R72_H1	15468570.0	271.0	189549.0	1.23	213.53	12762.0	0.0	6883.0	3606.0	1.0	2272.0	4.26	0.01	1.7	0.09	1.83	1236255.0	7.99	229289.0	1.48	0.0	89.3	0.01	0	13811930	1547
POR_R72_H2	15160588.0	274.0	152116.0	1.0	217.06	15104.0	0.0	8413.0	4290.0	0.0	2401.0	4.09	0.01	2.08	0.11	1.89	1037848.0	6.85	210906.0	1.39	0.0	90.75	0.01	0	13758202	1516
POR_R72_H3	16095937.0	276.0	100304.0	0.62	229.51	68197.0	0.0	40224.0	20283.0	20.0	7670.0	3.55	0.04	3.37	0.08	2.19	380006.0	2.36	86575.0	0.54	0.0	96.45	0.02	0	15525833	3219
