Sample	total_reads	avg_input_read_length	uniquely_mapped	uniquely_mapped_percent	avg_mapped_read_length	num_splices	num_annotated_splices	num_GTAG_splices	num_GCAG_splices	num_ATAC_splices	num_noncanonical_splices	mismatch_rate	deletion_rate	deletion_length	insertion_rate	insertion_length	multimapped	multimapped_percent	multimapped_toomany	multimapped_toomany_percent	unmapped_mismatches_percent	unmapped_tooshort_percent	unmapped_other_percent	unmapped_mismatches	unmapped_tooshort	unmapped_other
POC_R0_C1	19155605.0	276.0	14452762.0	75.45	276.42	14542879.0	13371978.0	14331668.0	78197.0	6896.0	126118.0	1.04	0.06	2.57	0.04	2.51	1010474.0	5.28	55330.0	0.29	0.0	18.56	0.42	0	3556557	80482
POC_R0_C2	18332777.0	275.0	13154786.0	71.76	275.86	12783370.0	11666923.0	12583645.0	68526.0	5568.0	125631.0	1.04	0.06	2.59	0.04	2.5	1438701.0	7.85	49636.0	0.27	0.0	19.71	0.41	0	3614467	75187
POC_R0_C3	19413836.0	275.0	13810344.0	71.14	275.59	13422311.0	12290327.0	13222126.0	71586.0	6064.0	122535.0	1.02	0.05	2.59	0.04	2.53	2085149.0	10.74	55067.0	0.28	0.0	17.43	0.41	0	3383683	79593
POC_R0_H1	18505556.0	276.0	13646692.0	73.74	276.35	13768012.0	12652454.0	13563249.0	73760.0	6560.0	124443.0	1.05	0.05	2.58	0.04	2.51	1081360.0	5.84	48571.0	0.26	0.0	19.78	0.37	0	3660461	68472
POC_R0_H2	17194253.0	276.0	12719058.0	73.97	276.71	12689768.0	11591946.0	12485512.0	68943.0	5858.0	129455.0	1.03	0.06	2.6	0.04	2.52	1230513.0	7.16	51066.0	0.3	0.0	18.16	0.42	0	3121424	72192
POC_R0_H3	20720904.0	277.0	15664852.0	75.6	276.7	15694849.0	14299443.0	15435948.0	82428.0	7658.0	168815.0	1.03	0.06	2.62	0.04	2.51	1570705.0	7.58	57097.0	0.28	0.0	16.15	0.39	0	3347415	80835
POC_R120_C1	13618183.0	275.0	9786896.0	71.87	276.1	9797735.0	8984389.0	9664475.0	52434.0	4533.0	76293.0	1.05	0.06	2.61	0.04	2.53	818590.0	6.01	36934.0	0.27	0.0	21.49	0.37	0	2925396	50367
POC_R120_C2	16540844.0	276.0	12272700.0	74.2	276.39	12158700.0	11163828.0	11991258.0	64798.0	5130.0	97514.0	1.05	0.06	2.59	0.04	2.53	909773.0	5.5	44570.0	0.27	0.0	19.64	0.4	0	3247657	66144
POC_R120_C3	18412529.0	276.0	13631350.0	74.03	276.42	13523783.0	12393368.0	13333907.0	71978.0	5991.0	111907.0	1.06	0.06	2.58	0.04	2.53	1018010.0	5.53	49425.0	0.27	0.0	19.79	0.38	0	3643778	69966
POC_R120_H1	18059569.0	276.0	12967404.0	71.8	275.93	12398255.0	11220666.0	12215875.0	62808.0	5818.0	113754.0	1.04	0.06	2.55	0.04	2.52	1909077.0	10.57	56067.0	0.31	0.0	16.86	0.46	0	3043971	83050
POC_R120_H2	30156569.0	276.0	20336866.0	67.44	276.1	18988367.0	17409126.0	18705566.0	107860.0	9719.0	165222.0	1.08	0.06	2.53	0.04	2.44	1236075.0	4.1	66514.0	0.22	0.0	27.85	0.39	0	8399491	117623
POC_R120_H3	19432523.0	276.0	13487201.0	69.41	275.67	12676240.0	11548690.0	12495852.0	68117.0	6141.0	106130.0	1.04	0.05	2.59	0.04	2.54	1989688.0	10.24	59722.0	0.31	0.0	19.6	0.45	0	3808473	87439
POC_R12_C1	15950909.0	277.0	11692444.0	73.3	276.88	11472277.0	10527292.0	11303069.0	61709.0	5298.0	102201.0	1.03	0.06	2.64	0.04	2.54	1196012.0	7.5	45430.0	0.28	0.0	18.51	0.41	0	2951644	65379
POC_R12_C2	20841125.0	277.0	15294002.0	73.38	276.93	14992697.0	13748703.0	14772391.0	80986.0	6874.0	132446.0	1.02	0.05	2.62	0.04	2.53	1825725.0	8.76	57143.0	0.27	0.0	17.16	0.42	0	3576713	87542
POC_R12_C3	13318863.0	276.0	9815324.0	73.69	276.18	9872589.0	9011510.0	9723697.0	51376.0	4691.0	92825.0	1.05	0.06	2.63	0.04	2.52	799954.0	6.01	40431.0	0.3	0.0	19.55	0.44	0	2604535	58619
POC_R12_H1	18800091.0	277.0	14079948.0	74.89	276.91	13849480.0	12679976.0	13619530.0	68310.0	6746.0	154894.0	1.01	0.05	2.59	0.04	2.53	1546530.0	8.23	48965.0	0.26	0.0	16.25	0.37	0	3055086	69562
POC_R12_H2	18767083.0	277.0	13839895.0	73.75	277.04	13653522.0	12526706.0	13427438.0	72086.0	6930.0	147068.0	1.02	0.05	2.6	0.04	2.52	1312900.0	7.0	50467.0	0.27	0.0	18.58	0.41	0	3486877	76944
POC_R12_H3	15294654.0	276.0	11250641.0	73.56	276.51	10632285.0	9739588.0	10468962.0	56123.0	5032.0	102168.0	1.06	0.06	2.56	0.04	2.53	846636.0	5.54	51857.0	0.34	0.0	20.13	0.43	0	3079733	65787
POC_R1_C1	20322596.0	275.0	14805233.0	72.85	276.05	14863590.0	13654820.0	14662346.0	78502.0	6523.0	116219.0	1.04	0.05	2.6	0.04	2.52	1254254.0	6.17	54498.0	0.27	0.0	20.35	0.35	0	4137451	71160
POC_R1_C2	25354966.0	275.0	18678486.0	73.67	275.95	18781777.0	17280963.0	18497356.0	101514.0	8647.0	174260.0	1.09	0.06	2.6	0.04	2.5	1255682.0	4.95	70561.0	0.28	0.0	20.7	0.4	0	5248811	101426
POC_R1_C3	18780811.0	276.0	14324225.0	76.27	276.67	14188543.0	12941931.0	13958196.0	75019.0	6548.0	148780.0	1.03	0.06	2.62	0.04	2.53	1472138.0	7.84	53469.0	0.28	0.0	15.19	0.42	0	2852119	78860
POC_R1_H1	14383851.0	275.0	10585841.0	73.6	276.23	9793827.0	8960486.0	9641274.0	52343.0	4184.0	96026.0	1.04	0.06	2.59	0.04	2.49	952447.0	6.62	45089.0	0.31	0.0	19.01	0.46	0	2734310	66164
POC_R1_H2	20024009.0	277.0	15182732.0	75.82	277.06	14506110.0	13282903.0	14290332.0	78995.0	6656.0	130127.0	1.04	0.06	2.62	0.04	2.53	1340962.0	6.7	68568.0	0.34	0.0	16.65	0.49	0	3333640	98107
POC_R1_H3	19823541.0	276.0	14658989.0	73.95	276.54	14208278.0	13000897.0	13998264.0	76222.0	6962.0	126830.0	1.03	0.06	2.6	0.04	2.53	1984517.0	10.01	64836.0	0.33	0.0	15.34	0.38	0	3039895	75304
POC_R24_C1	21120682.0	277.0	15885081.0	75.21	276.66	15561796.0	14290765.0	15347882.0	84305.0	6753.0	122856.0	1.03	0.06	2.61	0.04	2.56	1987324.0	9.41	62968.0	0.3	0.0	14.68	0.4	0	3100818	84491
POC_R24_C2	16396475.0	277.0	12072668.0	73.63	276.44	11840676.0	10827808.0	11660836.0	63800.0	5006.0	111034.0	1.01	0.05	2.61	0.04	2.53	1944886.0	11.86	43864.0	0.27	0.0	13.87	0.37	0	2274385	60672
POC_R24_C3	22674647.0	277.0	17286373.0	76.24	276.77	17411412.0	15836955.0	17114937.0	94336.0	7720.0	194419.0	1.05	0.06	2.61	0.04	2.52	1489587.0	6.57	61991.0	0.27	0.0	16.53	0.39	0	3748262	88434
POC_R24_H1	18977274.0	274.0	13826211.0	72.86	275.98	13445667.0	12305889.0	13247794.0	70006.0	6836.0	121031.0	1.06	0.06	2.57	0.04	2.51	1103395.0	5.81	57946.0	0.31	0.0	20.57	0.46	0	3902453	87269
POC_R24_H2	16733336.0	277.0	12353229.0	73.82	277.08	12104428.0	11094187.0	11916592.0	63381.0	6237.0	118218.0	1.02	0.06	2.59	0.04	2.52	1154109.0	6.9	47286.0	0.28	0.0	18.58	0.42	0	3108446	70266
POC_R24_H3	18033331.0	277.0	13749851.0	76.25	276.89	13633772.0	12455455.0	13423110.0	70312.0	7236.0	133114.0	1.03	0.05	2.57	0.04	2.53	1382582.0	7.67	51637.0	0.29	0.0	15.38	0.42	0	2773521	75740
POC_R3_C1	20389362.0	276.0	15609135.0	76.56	276.73	15718204.0	14375894.0	15471484.0	81568.0	7280.0	157872.0	1.04	0.06	2.6	0.04	2.51	1212480.0	5.95	48511.0	0.24	0.0	16.89	0.37	0	3443795	75441
POC_R3_C2	18647667.0	275.0	13602252.0	72.94	276.05	13638897.0	12468555.0	13418988.0	73633.0	6071.0	140205.0	1.03	0.05	2.6	0.04	2.52	1386585.0	7.44	44370.0	0.24	0.0	19.0	0.38	0	3543588	70872
POC_R3_C3	22206991.0	276.0	16267007.0	73.25	276.44	16086393.0	14730139.0	15850326.0	86347.0	7265.0	142455.0	1.01	0.05	2.6	0.04	2.54	2439279.0	10.98	57750.0	0.26	0.0	15.16	0.34	0	3367432	75523
POC_R3_H1	15404553.0	278.0	11224152.0	72.86	276.88	10350429.0	9405560.0	10184206.0	51296.0	4705.0	110222.0	1.06	0.06	2.57	0.04	2.52	1317165.0	8.55	55567.0	0.36	0.0	17.76	0.47	0	2735283	72386
POC_R3_H2	10182157.0	275.0	7522487.0	73.88	275.86	6859321.0	6211193.0	6726583.0	33205.0	3144.0	96389.0	1.12	0.06	2.59	0.04	2.5	556065.0	5.46	33478.0	0.33	0.0	19.83	0.51	0	2018221	51906
POC_R3_H3	16987689.0	277.0	12611191.0	74.24	276.75	11677933.0	10587806.0	11480837.0	57243.0	5326.0	134527.0	1.03	0.06	2.6	0.04	2.54	1551249.0	9.13	53672.0	0.32	0.0	15.9	0.41	0	2701905	69672
POC_R72_C1	18783520.0	275.0	13809154.0	73.52	276.05	13654713.0	12525090.0	13463213.0	72793.0	6202.0	112505.0	1.06	0.06	2.57	0.04	2.53	1086098.0	5.78	50804.0	0.27	0.0	20.07	0.36	0	3769843	67621
POC_R72_C2	23233557.0	277.0	17603892.0	75.77	276.94	17620699.0	16151319.0	17368685.0	93574.0	7641.0	150799.0	1.03	0.06	2.63	0.04	2.53	1495784.0	6.44	66564.0	0.29	0.0	17.09	0.42	0	3969757	97560
POC_R72_C3	17855369.0	277.0	12971358.0	72.65	277.03	12618562.0	11604273.0	12447632.0	68252.0	5571.0	97107.0	1.03	0.06	2.62	0.04	2.54	1296376.0	7.26	49548.0	0.28	0.0	19.43	0.38	0	3470219	67868
POC_R72_H1	22264917.0	277.0	16653686.0	74.8	276.85	16138242.0	14704238.0	15905761.0	84261.0	7578.0	140642.0	1.04	0.06	2.57	0.04	2.54	1813416.0	8.14	69863.0	0.31	0.0	16.3	0.45	0	3627798	100154
POC_R72_H2	17132924.0	277.0	12187712.0	71.14	276.72	11839337.0	10820957.0	11673233.0	62994.0	5510.0	97600.0	1.03	0.06	2.6	0.04	2.54	1421013.0	8.29	51706.0	0.3	0.0	19.84	0.43	0	3398829	73664
POC_R72_H3	15415216.0	277.0	11035197.0	71.59	276.5	10228236.0	9313793.0	10077248.0	54274.0	4792.0	91922.0	1.02	0.06	2.6	0.04	2.54	2027212.0	13.15	48949.0	0.32	0.0	14.49	0.46	0	2232970	70888
