Sample	total_reads	avg_input_read_length	uniquely_mapped	uniquely_mapped_percent	avg_mapped_read_length	num_splices	num_annotated_splices	num_GTAG_splices	num_GCAG_splices	num_ATAC_splices	num_noncanonical_splices	mismatch_rate	deletion_rate	deletion_length	insertion_rate	insertion_length	multimapped	multimapped_percent	multimapped_toomany	multimapped_toomany_percent	unmapped_mismatches_percent	unmapped_tooshort_percent	unmapped_other_percent	unmapped_mismatches	unmapped_tooshort	unmapped_other
MON_R0_C1	34387353.0	276.0	132238.0	0.38	236.69	37832.0	29674.0	33721.0	379.0	86.0	3646.0	3.71	0.12	2.89	0.08	2.28	38096.0	0.11	24232.0	0.07	0.0	99.33	0.11	0	34154963	37824
MON_R0_C2	16101198.0	275.0	70500.0	0.44	234.99	21924.0	17720.0	19787.0	225.0	41.0	1871.0	3.75	0.12	2.97	0.06	2.23	18560.0	0.12	8871.0	0.06	0.0	99.3	0.09	0	15988776	14491
MON_R0_C3	17414616.0	276.0	81416.0	0.47	239.36	26453.0	22017.0	24181.0	178.0	41.0	2053.0	3.65	0.13	3.15	0.06	2.28	23707.0	0.14	23540.0	0.14	0.0	99.06	0.2	0	17251123	34830
MON_R0_H1	25941298.0	276.0	83255.0	0.32	237.39	24667.0	20135.0	22467.0	198.0	50.0	1952.0	3.69	0.13	3.28	0.06	2.11	23513.0	0.09	45150.0	0.17	0.0	99.16	0.25	0	25724524	64856
MON_R0_H2	32910896.0	266.0	125192.0	0.38	225.37	30943.0	21756.0	26254.0	428.0	103.0	4158.0	3.79	0.12	2.7	0.07	2.16	37134.0	0.11	35660.0	0.11	0.0	99.28	0.12	0	32673418	39492
MON_R0_H3	17067830.0	276.0	64559.0	0.38	236.85	15598.0	11358.0	13412.0	156.0	34.0	1996.0	3.66	0.13	2.98	0.09	2.38	20749.0	0.12	6171.0	0.04	0.0	99.4	0.06	0	16966110	10241
MON_R120_C1	20292643.0	277.0	94894.0	0.47	237.26	35394.0	30987.0	33019.0	285.0	22.0	2068.0	3.77	0.12	3.31	0.06	2.21	21392.0	0.11	20151.0	0.1	0.0	99.17	0.15	0	20125765	30441
MON_R120_C2	18507536.0	277.0	85063.0	0.46	238.57	29674.0	25397.0	27527.0	238.0	41.0	1868.0	3.74	0.12	3.46	0.06	2.21	19373.0	0.1	21582.0	0.12	0.0	99.14	0.18	0	18348205	33313
MON_R120_C3	28419957.0	259.0	133793.0	0.47	222.57	49929.0	40768.0	44693.0	360.0	75.0	4801.0	3.85	0.12	2.99	0.06	2.17	31146.0	0.11	7282.0	0.03	0.0	99.31	0.08	0	28224999	22737
MON_R120_H1	15508429.0	277.0	47711.0	0.31	237.22	7179.0	3687.0	5408.0	146.0	55.0	1570.0	3.53	0.15	2.97	0.1	2.31	18853.0	0.12	13732.0	0.09	0.0	99.34	0.14	0	15406421	21712
MON_R120_H2	28172612.0	277.0	78311.0	0.28	235.33	11375.0	5767.0	8617.0	158.0	62.0	2538.0	3.63	0.14	2.84	0.11	2.04	29660.0	0.11	83828.0	0.3	0.0	98.92	0.4	0	27868123	112690
MON_R120_H3	18606948.0	276.0	55200.0	0.3	234.59	7500.0	3261.0	5302.0	239.0	54.0	1905.0	3.62	0.15	2.89	0.1	2.18	24297.0	0.13	45053.0	0.24	0.0	98.99	0.34	0	18419134	63264
MON_R12_C1	15100946.0	277.0	96342.0	0.64	238.03	50544.0	46678.0	48486.0	162.0	33.0	1863.0	3.78	0.08	2.96	0.04	2.31	21185.0	0.14	14766.0	0.1	0.0	98.98	0.14	0	14947511	21142
MON_R12_C2	15870136.0	277.0	80460.0	0.51	237.62	31283.0	27167.0	29107.0	168.0	47.0	1961.0	3.74	0.1	3.08	0.06	2.28	21918.0	0.14	18304.0	0.12	0.0	99.06	0.18	0	15720888	28566
MON_R12_C3	18046013.0	277.0	85391.0	0.47	236.7	32650.0	28214.0	30383.0	243.0	38.0	1986.0	3.79	0.1	3.05	0.06	2.3	18855.0	0.1	10889.0	0.06	0.0	99.26	0.1	0	17912832	18046
MON_R12_H1	18594615.0	275.0	51827.0	0.28	232.98	7077.0	3011.0	5110.0	94.0	41.0	1832.0	3.65	0.15	2.87	0.11	2.32	19262.0	0.1	20730.0	0.11	0.0	99.35	0.16	0	18473046	29750
MON_R12_H2	16820137.0	277.0	51979.0	0.31	235.49	9159.0	5606.0	7472.0	126.0	48.0	1513.0	3.64	0.14	2.9	0.09	2.11	20733.0	0.12	26591.0	0.16	0.0	99.18	0.23	0	16682148	38686
MON_R12_H3	15284909.0	277.0	50584.0	0.33	237.63	8611.0	5210.0	6992.0	110.0	33.0	1476.0	3.58	0.14	2.88	0.1	2.22	19096.0	0.12	16698.0	0.11	0.0	99.27	0.16	0	15174074	24457
MON_R1_C1	18187431.0	276.0	65294.0	0.36	238.59	16498.0	12110.0	14435.0	241.0	60.0	1762.0	3.6	0.13	3.08	0.08	2.25	21531.0	0.12	14090.0	0.08	0.0	99.33	0.11	0	18066509	20007
MON_R1_C2	18709242.0	277.0	82105.0	0.44	236.39	28167.0	23348.0	25910.0	362.0	27.0	1868.0	3.77	0.11	3.23	0.06	2.19	26367.0	0.14	40158.0	0.21	0.0	98.89	0.31	0	18502610	58002
MON_R1_C3	22406370.0	277.0	78727.0	0.35	237.38	24604.0	19804.0	22203.0	209.0	39.0	2153.0	3.71	0.12	3.04	0.07	2.28	22112.0	0.1	32700.0	0.15	0.0	99.25	0.15	0	22239220	33611
MON_R1_H1	15133391.0	277.0	53980.0	0.36	236.34	18268.0	15302.0	16824.0	154.0	16.0	1274.0	3.79	0.11	3.04	0.06	2.19	13637.0	0.09	14336.0	0.09	0.0	99.31	0.15	0	15028738	22700
MON_R1_H2	16676138.0	277.0	64346.0	0.39	239.29	14957.0	11284.0	13110.0	146.0	30.0	1671.0	3.6	0.15	3.3	0.08	2.38	19604.0	0.12	10101.0	0.06	0.0	99.34	0.1	0	16565412	16675
MON_R1_H3	16190302.0	276.0	75920.0	0.47	236.98	26153.0	21903.0	24001.0	169.0	28.0	1955.0	3.71	0.12	3.18	0.06	2.19	21276.0	0.13	12444.0	0.08	0.0	99.21	0.11	0	16062852	17810
MON_R24_C1	16411293.0	277.0	67976.0	0.41	238.19	20924.0	17114.0	19016.0	275.0	36.0	1597.0	3.65	0.13	3.21	0.07	2.16	21278.0	0.13	21911.0	0.13	0.0	99.12	0.2	0	16267305	32823
MON_R24_C2	18340435.0	276.0	71047.0	0.39	235.58	21569.0	17690.0	19541.0	177.0	42.0	1809.0	3.76	0.12	3.03	0.07	2.2	17886.0	0.1	21988.0	0.12	0.0	99.22	0.18	0	18196503	33011
MON_R24_C3	20015554.0	275.0	71902.0	0.36	235.12	15995.0	11398.0	13391.0	237.0	53.0	2314.0	3.64	0.14	2.93	0.08	2.24	23546.0	0.12	25987.0	0.13	0.0	99.21	0.18	0	19858090	36029
MON_R24_H1	18542272.0	277.0	54192.0	0.29	236.87	7705.0	4110.0	5845.0	85.0	33.0	1742.0	3.61	0.15	2.94	0.1	2.25	18601.0	0.1	17360.0	0.09	0.0	99.38	0.14	0	18426161	25958
MON_R24_H2	15431326.0	277.0	44217.0	0.29	236.35	7492.0	4294.0	5982.0	88.0	56.0	1366.0	3.65	0.14	2.89	0.09	2.17	14732.0	0.1	15894.0	0.1	0.0	99.36	0.15	0	15333335	23148
MON_R24_H3	18939741.0	278.0	43799.0	0.23	234.62	7280.0	3680.0	5591.0	131.0	33.0	1525.0	3.67	0.15	2.95	0.13	2.32	15677.0	0.08	29415.0	0.16	0.0	99.32	0.22	0	18809186	41664
MON_R3_C1	16862764.0	277.0	107318.0	0.64	236.6	57619.0	53167.0	54973.0	129.0	33.0	2484.0	3.85	0.07	2.79	0.04	2.37	20277.0	0.12	16082.0	0.1	0.0	99.01	0.14	0	16695480	23607
MON_R3_C2	15798960.0	277.0	69087.0	0.44	238.85	21423.0	17328.0	19628.0	149.0	24.0	1622.0	3.69	0.15	3.52	0.07	2.32	17923.0	0.11	15266.0	0.1	0.0	99.2	0.15	0	15672985	23699
MON_R3_C3	18440310.0	275.0	75403.0	0.41	236.27	23911.0	19528.0	21699.0	244.0	50.0	1918.0	3.75	0.13	3.27	0.06	2.22	18990.0	0.1	9022.0	0.05	0.0	99.35	0.09	0	18320299	16596
MON_R3_H1	19375429.0	275.0	62737.0	0.32	231.14	14148.0	10460.0	12439.0	80.0	23.0	1606.0	3.82	0.11	2.77	0.07	2.14	16327.0	0.08	24965.0	0.13	0.0	99.28	0.18	0	19236523	34877
MON_R3_H2	32390672.0	268.0	129328.0	0.4	229.59	39917.0	30432.0	35039.0	316.0	78.0	4484.0	3.72	0.12	2.78	0.08	2.14	35918.0	0.11	7672.0	0.02	0.0	99.41	0.05	0	32201558	16196
MON_R3_H3	15288598.0	277.0	49257.0	0.32	235.21	10270.0	7271.0	8703.0	141.0	26.0	1400.0	3.7	0.12	2.99	0.08	2.19	16759.0	0.11	29261.0	0.19	0.0	99.12	0.25	0	15155097	38224
MON_R72_C1	18759165.0	274.0	93483.0	0.5	234.63	33815.0	28645.0	31178.0	297.0	49.0	2291.0	3.8	0.12	3.37	0.05	2.28	20292.0	0.11	14534.0	0.08	0.0	99.2	0.11	0	18610220	20636
MON_R72_C2	15855701.0	275.0	68186.0	0.43	237.72	20469.0	16001.0	18487.0	166.0	24.0	1792.0	3.65	0.14	3.08	0.07	2.24	19542.0	0.12	17930.0	0.11	0.0	99.19	0.15	0	15726261	23782
MON_R72_C3	22918766.0	275.0	126537.0	0.55	237.99	57130.0	50843.0	53848.0	286.0	52.0	2944.0	3.71	0.11	3.44	0.05	2.13	29824.0	0.13	20687.0	0.09	0.0	99.08	0.15	0	22707341	34377
MON_R72_H1	15327535.0	277.0	5537.0	0.04	228.34	203.0	9.0	35.0	0.0	2.0	166.0	3.24	0.03	3.41	0.02	3.5	4211.0	0.03	54469.0	0.36	0.0	99.38	0.2	0	15232663	30655
MON_R72_H2	20858703.0	271.0	1249.0	0.01	206.64	134.0	34.0	76.0	2.0	0.0	56.0	3.5	0.06	3.33	0.07	2.39	1669.0	0.01	125377.0	0.6	0.0	99.01	0.38	0	20651149	79259
MON_R72_H3	16724285.0	274.0	54155.0	0.32	232.93	8798.0	4721.0	6822.0	129.0	36.0	1811.0	3.64	0.15	2.85	0.1	2.24	17676.0	0.11	11706.0	0.07	0.0	99.41	0.09	0	16625696	15052
