Sample	total_reads	avg_input_read_length	uniquely_mapped	uniquely_mapped_percent	avg_mapped_read_length	num_splices	num_annotated_splices	num_GTAG_splices	num_GCAG_splices	num_ATAC_splices	num_noncanonical_splices	mismatch_rate	deletion_rate	deletion_length	insertion_rate	insertion_length	multimapped	multimapped_percent	multimapped_toomany	multimapped_toomany_percent	unmapped_mismatches_percent	unmapped_tooshort_percent	unmapped_other_percent	unmapped_mismatches	unmapped_tooshort	unmapped_other
MON_R0_C1	34387353.0	276.0	26198511.0	76.19	278.08	24681628.0	22809268.0	24286599.0	198574.0	14552.0	181903.0	0.58	0.04	2.83	0.03	2.4	2602852.0	7.57	450396.0	1.31	0.0	14.77	0.17	0	5077157	58437
MON_R0_C2	16101198.0	275.0	12073904.0	74.99	277.55	11152829.0	10288363.0	10971327.0	88435.0	6710.0	86357.0	0.59	0.04	2.78	0.03	2.41	1087487.0	6.75	169068.0	1.05	0.0	17.04	0.17	0	2743370	27369
MON_R0_C3	17414616.0	276.0	12933601.0	74.27	277.69	11944550.0	10993744.0	11747558.0	102331.0	7271.0	87390.0	0.61	0.04	2.83	0.03	2.48	1354797.0	7.78	424108.0	2.44	0.0	15.33	0.18	0	2670751	31359
MON_R0_H1	25941298.0	276.0	16624308.0	64.08	278.16	14997952.0	13828466.0	14749955.0	124718.0	8628.0	114651.0	0.59	0.04	2.84	0.03	2.41	1588692.0	6.12	803284.0	3.1	0.0	26.58	0.11	0	6896473	28541
MON_R0_H2	32910896.0	266.0	20849059.0	63.35	274.56	19149649.0	17579323.0	18817790.0	153391.0	12345.0	166123.0	0.58	0.04	2.72	0.04	2.37	2038365.0	6.19	448430.0	1.36	0.0	28.96	0.13	0	9532252	42790
MON_R0_H3	17067830.0	276.0	13164890.0	77.13	277.99	11958757.0	11016842.0	11762013.0	102290.0	7260.0	87194.0	0.6	0.05	2.84	0.04	2.47	1205611.0	7.06	154730.0	0.91	0.0	14.74	0.16	0	2515296	27303
MON_R120_C1	20292643.0	277.0	15596570.0	76.86	278.38	14317508.0	13165741.0	14085249.0	127541.0	6762.0	97956.0	0.58	0.04	2.79	0.03	2.42	1365569.0	6.73	428936.0	2.11	0.0	14.14	0.16	0	2869103	32465
MON_R120_C2	18507536.0	277.0	14063051.0	75.99	278.47	13030417.0	11924461.0	12830061.0	106330.0	6650.0	87376.0	0.58	0.04	2.79	0.03	2.41	1229176.0	6.64	435781.0	2.35	0.0	14.85	0.17	0	2748069	31459
MON_R120_C3	28419957.0	259.0	16583573.0	58.35	272.02	14626273.0	13353352.0	14383739.0	113007.0	8172.0	121355.0	0.61	0.04	2.8	0.03	2.38	1611007.0	5.67	145741.0	0.51	0.0	35.06	0.41	0	9963125	116511
MON_R120_H1	15508429.0	277.0	11957191.0	77.1	277.99	10459271.0	9641833.0	10277162.0	90586.0	6003.0	85520.0	0.6	0.05	2.84	0.04	2.42	1109220.0	7.15	273218.0	1.76	0.0	13.89	0.09	0	2154838	13962
MON_R120_H2	28172612.0	277.0	20598398.0	73.11	278.26	16935420.0	15705166.0	16639226.0	137635.0	9741.0	148818.0	0.59	0.05	2.82	0.04	2.43	2092895.0	7.43	1341918.0	4.76	0.0	14.58	0.11	0	4108405	30996
MON_R120_H3	18606948.0	276.0	13547719.0	72.81	277.57	11227206.0	10320727.0	11020076.0	96322.0	7116.0	103692.0	0.61	0.05	2.78	0.04	2.4	1352222.0	7.27	671436.0	3.61	0.0	16.23	0.08	0	3020682	14889
MON_R12_C1	15100946.0	277.0	11643594.0	77.11	278.33	10884085.0	10084103.0	10712078.0	88144.0	6308.0	77555.0	0.58	0.04	2.86	0.04	2.49	1138202.0	7.54	286632.0	1.9	0.0	13.29	0.17	0	2006847	25671
MON_R12_C2	15870136.0	277.0	11743820.0	74.0	278.07	10841212.0	9977272.0	10666067.0	91061.0	6422.0	77662.0	0.59	0.05	2.86	0.04	2.45	1181737.0	7.45	386626.0	2.44	0.0	15.96	0.16	0	2532564	25389
MON_R12_C3	18046013.0	277.0	13998260.0	77.57	278.39	12573342.0	11675447.0	12375664.0	100499.0	6739.0	90440.0	0.58	0.04	2.85	0.03	2.4	1211579.0	6.71	236570.0	1.31	0.0	14.21	0.19	0	2565304	34300
MON_R12_H1	18594615.0	275.0	13481779.0	72.5	277.61	10435143.0	9664634.0	10252757.0	83998.0	6143.0	92245.0	0.62	0.05	2.82	0.04	2.45	1252407.0	6.74	349342.0	1.88	0.0	18.79	0.09	0	3494350	16737
MON_R12_H2	16820137.0	277.0	12595755.0	74.88	278.19	10925961.0	10109377.0	10749764.0	85564.0	7199.0	83434.0	0.59	0.05	2.8	0.04	2.43	1259791.0	7.49	545338.0	3.24	0.0	14.28	0.1	0	2402429	16824
MON_R12_H3	15284909.0	277.0	11510839.0	75.31	278.09	9498073.0	8768846.0	9335593.0	75836.0	6206.0	80438.0	0.6	0.05	2.81	0.04	2.44	1199089.0	7.84	339684.0	2.22	0.0	14.5	0.12	0	2216950	18347
MON_R1_C1	18187431.0	276.0	12908077.0	70.97	278.08	11630216.0	10710494.0	11437384.0	96710.0	7312.0	88810.0	0.59	0.04	2.81	0.04	2.41	1206536.0	6.63	264990.0	1.46	0.0	20.8	0.13	0	3784177	23651
MON_R1_C2	18709242.0	277.0	13655387.0	72.99	278.21	12590798.0	11614151.0	12393840.0	100279.0	7531.0	89148.0	0.58	0.04	2.82	0.04	2.39	1485594.0	7.94	814058.0	4.35	0.0	14.59	0.14	0	2728026	26177
MON_R1_C3	22406370.0	277.0	15331869.0	68.43	278.36	13807812.0	12780160.0	13581794.0	110923.0	7736.0	107359.0	0.58	0.04	2.84	0.04	2.41	1487154.0	6.64	347190.0	1.55	0.0	23.19	0.2	0	5195350	44807
MON_R1_H1	15133391.0	277.0	10389301.0	68.65	278.54	9195649.0	8520967.0	9049111.0	75962.0	5108.0	65468.0	0.58	0.04	2.8	0.03	2.39	936104.0	6.19	274283.0	1.81	0.0	23.22	0.13	0	3514029	19674
MON_R1_H2	16676138.0	277.0	12025197.0	72.11	278.09	10424565.0	9553487.0	10239592.0	87766.0	6960.0	90247.0	0.6	0.05	2.86	0.04	2.48	1164769.0	6.98	209642.0	1.26	0.0	19.52	0.13	0	3254853	21677
MON_R1_H3	16190302.0	276.0	12135710.0	74.96	277.53	11049648.0	10167974.0	10864311.0	89017.0	7255.0	89065.0	0.61	0.05	2.83	0.04	2.46	1217688.0	7.52	248461.0	1.53	0.0	15.88	0.11	0	2570636	17807
MON_R24_C1	16411293.0	277.0	12217961.0	74.45	278.12	11209954.0	10341491.0	11029679.0	89235.0	6311.0	84729.0	0.59	0.04	2.85	0.04	2.46	1260024.0	7.68	448275.0	2.73	0.0	15.02	0.12	0	2465337	19696
MON_R24_C2	18340435.0	276.0	13392481.0	73.02	278.13	12065639.0	11117625.0	11873270.0	96410.0	6212.0	89747.0	0.59	0.04	2.82	0.04	2.41	1233693.0	6.73	419086.0	2.29	0.0	17.8	0.16	0	3265819	29356
MON_R24_C3	20015554.0	275.0	14601284.0	72.95	277.52	12441061.0	11483015.0	12228313.0	101675.0	7211.0	103862.0	0.61	0.05	2.87	0.04	2.45	1438309.0	7.19	472608.0	2.36	0.0	17.34	0.16	0	3471322	32031
MON_R24_H1	18542272.0	277.0	14533075.0	78.38	278.48	12123059.0	11300967.0	11919032.0	95818.0	7170.0	101039.0	0.58	0.05	2.86	0.04	2.45	1346954.0	7.26	352939.0	1.9	0.0	12.31	0.14	0	2283336	25968
MON_R24_H2	15431326.0	277.0	11948199.0	77.43	278.34	10241641.0	9531353.0	10068540.0	82628.0	6068.0	84405.0	0.59	0.04	2.78	0.04	2.44	1103755.0	7.15	302983.0	1.96	0.0	13.32	0.14	0	2054792	21597
MON_R24_H3	18939741.0	278.0	14097977.0	74.44	278.6	11268567.0	10403771.0	11086451.0	89546.0	6286.0	86284.0	0.59	0.05	2.8	0.04	2.43	1270503.0	6.71	510745.0	2.7	0.0	16.09	0.07	0	3047259	13257
MON_R3_C1	16862764.0	277.0	13312204.0	78.94	278.31	12007800.0	11177480.0	11810834.0	106030.0	6644.0	84292.0	0.59	0.04	2.87	0.04	2.47	1217722.0	7.22	332580.0	1.97	0.0	11.66	0.2	0	1966527	33731
MON_R3_C2	15798960.0	277.0	11719526.0	74.18	278.33	10577049.0	9737885.0	10400735.0	86482.0	6857.0	82975.0	0.58	0.05	2.81	0.04	2.42	1131511.0	7.16	309987.0	1.96	0.0	16.57	0.12	0	2618969	18967
MON_R3_C3	18440310.0	275.0	13274680.0	71.99	277.77	12117698.0	11214191.0	11919846.0	96377.0	6397.0	95078.0	0.59	0.04	2.82	0.03	2.4	1193091.0	6.47	183366.0	0.99	0.0	20.4	0.15	0	3761515	27658
MON_R3_H1	19375429.0	275.0	13950339.0	72.0	277.68	11317526.0	10431495.0	11136853.0	90983.0	5741.0	83949.0	0.6	0.04	2.78	0.03	2.36	1401926.0	7.24	440843.0	2.28	0.0	18.32	0.17	0	3549385	32936
MON_R3_H2	32390672.0	268.0	20813119.0	64.26	274.79	17476842.0	16006095.0	17177194.0	130124.0	12232.0	157292.0	0.6	0.04	2.73	0.04	2.4	2090498.0	6.45	156270.0	0.48	0.0	28.65	0.16	0	9278965	51820
MON_R3_H3	15288598.0	277.0	11315307.0	74.01	278.38	9268394.0	8560431.0	9116047.0	74337.0	5106.0	72904.0	0.58	0.05	2.82	0.04	2.43	1224327.0	8.01	519936.0	3.4	0.0	14.42	0.16	0	2204567	24461
MON_R72_C1	18759165.0	274.0	13777151.0	73.44	277.27	11831937.0	10923186.0	11623781.0	106107.0	6803.0	95246.0	0.62	0.05	2.77	0.04	2.39	1197920.0	6.39	259403.0	1.38	0.0	18.68	0.1	0	3505923	18768
MON_R72_C2	15855701.0	275.0	11654285.0	73.5	277.44	10686091.0	9869819.0	10508052.0	88028.0	7033.0	82978.0	0.61	0.05	2.87	0.04	2.42	1099096.0	6.93	268488.0	1.69	0.0	17.75	0.12	0	2814802	19030
MON_R72_C3	22918766.0	275.0	16768621.0	73.17	277.28	15700348.0	14447269.0	15450619.0	126647.0	9574.0	113508.0	0.62	0.04	2.86	0.04	2.49	1599511.0	6.98	440450.0	1.92	0.0	17.81	0.13	0	4080400	29784
MON_R72_H1	15327535.0	277.0	35398.0	0.23	272.07	14259.0	12251.0	13846.0	99.0	11.0	303.0	0.89	0.06	2.76	0.05	2.37	12896.0	0.08	28015.0	0.18	0.0	99.48	0.02	0	15248160	3066
MON_R72_H2	20858703.0	271.0	101922.0	0.49	274.42	54799.0	46197.0	53697.0	260.0	54.0	788.0	0.67	0.06	2.71	0.04	2.32	35883.0	0.17	96571.0	0.46	0.0	98.81	0.06	0	20611811	12516
MON_R72_H3	16724285.0	274.0	12244799.0	73.22	277.1	10216653.0	9387133.0	10032403.0	85520.0	6855.0	91875.0	0.62	0.05	2.77	0.04	2.42	1090189.0	6.52	187331.0	1.12	0.0	19.03	0.12	0	3181901	20065
